5,4302,0
3,1046,0
7,4370,0
6,6011,0
1,8994,1
8,9867,0
9,3818,0
9,4493,0
2,4532,1
6,4420,0
8,5022,0
6,5876,0
4,60,1
4,7491,0
2,7963,0
9,7759,0
3,1531,0
9,1602,1
5,2679,0
3,2868,1
3,5472,1
5,9883,0
6,5626,0
7,5140,0
3,1022,0
1,3010,1
1,6741,1
1,6819,1
5,2834,0
2,1537,0
5,4899,0
2,7831,0
9,7618,0
7,7863,0
5,5428,0
4,7702,0
5,314,0
9,4290,0
2,8645,0
9,4071,0
3,6247,0
3,6794,0
2,4035,0
3,1736,0
3,6549,1
8,6463,0
5,2188,0
7,649,0
9,8161,0
8,8710,0
7,4471,0
9,9901,0
8,8063,0
4,7304,1
7,7340,0
3,4058,0
1,1883,1
4,8383,0
5,8899,0
7,9967,0
8,1996,0
7,2049,0
8,9995,0
1,5073,1
5,9198,0
8,830,0
9,4397,0
5,1084,0
4,4964,1
7,795,0
6,124,0
1,7288,1
3,2500,0
9,6893,0
7,2648,0
4,5010,0
3,2992,0
4,9919,0
5,7485,1
9,8717,0
3,9953,0
8,9285,0
7,2350,0
5,4968,0
8,7309,0
2,2445,0
9,3699,1
1,5833,1
9,4045,0
5,1519,0
2,1241,0
2,5262,1
3,256,0
3,2472,1
3,8843,0
7,8992,0
7,1547,1
3,9158,0
9,2146,0
5,9207,0
1,5267,1
4,8366,0
2,3394,1
5,6246,0
3,7618,0
1,4203,1
4,8798,0
3,6876,1
1,3802,1
8,9357,0
6,7058,0
6,6971,0
2,7136,1
2,3282,1
2,2427,0
8,5987,0
8,4322,0
1,2410,1
7,9117,0
2,4221,0
1,1844,1
6,7735,0
2,3153,0
6,3081,0
9,3613,0
8,1543,0
2,3722,1
4,1956,1
4,3134,0
6,5722,0
2,2356,1
9,3766,0
1,2661,1
2,7431,0
5,3802,0
5,1741,0
6,8203,0
5,672,0
2,2393,0
2,8745,0
1,9739,1
5,9678,0
6,2657,0
3,5930,0
7,1604,0
3,874,0
9,4949,0
6,3007,0
9,7183,0
2,1767,0
3,4431,1
5,2642,0
6,7664,0
2,176,1
5,2466,0
7,2625,1
4,908,1
6,833,0
6,9722,0
7,1923,0
3,4053,1
4,5431,0
7,1329,0
7,7960,0
4,9488,1
3,9579,1
5,7912,0
6,1471,0
1,2673,1
5,6164,0
7,2442,0
1,4449,1
3,6767,0
9,3566,0
7,613,0
7,6451,0
3,3962,0
7,2927,0
3,6829,0
4,5298,0
3,1416,1
3,1748,0
7,7291,0
4,3828,1
1,7006,1
8,6063,0
8,8367,0
8,1699,0
8,6026,0
3,5118,1
6,9842,0
7,2323,0
1,6340,1
2,5144,1
3,6003,1
5,5905,1
4,198,0
2,3872,1
6,7618,0
5,6097,0
8,2872,1
1,6076,1
5,6549,0
3,9171,1
2,8327,0
3,6099,1
3,7296,1
2,4602,1
7,8026,0
3,9093,1
1,5575,1
8,2739,0
5,5664,0
4,5306,0
3,1691,0
3,2520,1
7,9344,0
4,6990,0
9,7831,0
7,5372,0
5,9488,0
3,7406,0
1,1845,1
1,2347,1
5,7598,0
2,8013,0
2,3273,0
5,907,0
6,9126,1
5,2522,0
1,7738,1
5,6164,0
4,535,0
9,1112,0
4,1589,0
3,5896,0
1,4592,1
7,9081,0
2,7901,0
5,6306,0
7,833,1
2,9430,1
6,4477,0
8,9616,1
2,1734,1
9,6337,0
5,8301,0
3,5020,0
4,1421,0
6,1241,0
4,4326,0
8,276,0
4,5689,0
4,9486,0
6,2299,0
3,4200,1
3,6138,1
9,2510,0
6,4240,0
4,5143,0
1,2353,1
2,386,1
4,8584,1
1,3275,1
5,5772,0
2,7941,0
2,4967,0
1,4866,1
2,2085,0
6,7022,0
2,8559,0
2,7423,0
9,1946,0
9,6021,1
7,4341,0
9,4439,0
5,4477,0
2,8132,1
3,148,0
6,1505,0
5,8301,0
5,398,0
3,5271,1
8,6080,1
3,3688,0
5,9454,0
2,7510,1
6,2868,1
4,3392,1
2,2286,1
3,6514,0
4,3097,0
2,4791,0
5,4377,0
1,1434,1
3,3706,0
3,128,0
3,6714,1
5,9614,0
4,5233,0
3,3766,0
3,6559,0
2,43,0
3,704,0
1,5630,1
1,7272,1
7,1962,0
5,1729,0
6,5356,0
5,8745,1
1,1100,1
8,7526,0
1,2853,1
7,8218,1
4,355,0
4,3336,1
1,6508,1
6,9279,0
4,2813,0
9,7773,0
9,4906,0
8,1938,0
2,5185,0
1,4580,1
6,9084,1
3,5290,0
6,7471,0
7,2189,0
3,4364,0
9,5309,0
5,6495,1
8,2573,0
4,5282,0
6,9490,0
9,946,0
4,9682,0
8,1117,0
5,6789,0
5,7337,0
4,2021,0
7,9950,0
4,922,0
9,4189,0
8,7722,0
7,8895,0
2,4612,1
1,4641,1
6,857,0
8,5800,1
9,3502,0
4,4774,0
6,8161,0
7,9591,0
5,2267,0
8,9628,0
6,6932,0
2,6889,0
4,8958,0
3,251,0
4,3343,0
5,7064,0
8,2987,0
3,7230,1
5,9765,1
3,4034,0
3,3399,1
5,4221,0
6,6145,0
7,5905,0
8,3414,0
7,7499,0
3,5370,1
4,3303,0
7,2196,0
2,1505,0
6,3930,1
7,3849,0
1,2564,1
4,2509,0
9,6232,0
8,8014,0
5,525,1
4,5407,0
9,3070,0
1,3516,1
8,4809,0
3,1132,0
7,175,1
5,9090,1
4,6803,0
7,4577,0
8,6084,0
8,9913,0
6,5301,0
3,6105,1
1,8669,1
6,2872,0
8,7977,0
4,5034,0
9,1649,0
7,2148,0
6,6488,0
3,4185,1
5,5614,0
8,8156,0
9,3463,0
2,5936,1
7,3122,1
9,3588,0
2,8257,0
8,3841,0
4,9312,1
2,5754,1
4,3964,1
9,344,0
6,4179,0
9,4558,0
8,3460,0
3,6046,0
5,1181,0
3,9048,1
1,6010,1
1,7574,1
4,2266,0
6,9968,0
5,8424,0
9,2929,0
8,7604,0
5,7244,0
3,7201,0
8,5050,0
2,8252,1
3,9410,0
2,6699,0
2,6706,1
4,7685,0
8,4707,0
6,2407,0
6,3779,0
8,1464,1
6,6884,0
9,3203,0
3,9713,0
7,1321,0
9,2416,0
2,8039,0
2,4317,0
5,3441,0
5,7784,0
8,2082,0
1,758,1
4,654,0
6,4117,0
5,1586,0
1,4517,1
5,5999,0
7,7263,0
3,6631,0
4,4149,0
1,5262,1
2,3240,1
6,1385,0
5,7704,0
8,9223,0
5,8747,0
2,4683,0
9,4,0
4,1986,0
8,4099,0
5,8415,1
6,2426,0
6,1017,0
8,9287,0
3,4771,0
7,1942,0
6,6047,0
5,8258,0
4,9655,0
3,4145,0
1,1469,1
4,3190,0
3,5550,1
6,5000,0
2,3621,0
9,9099,1
7,3299,0
4,1419,0
9,9175,0
8,3033,0
1,4825,1
5,5121,0
1,8215,1
7,2923,0
1,4471,1
1,208,1
5,9438,0
9,7802,0
4,9870,0
9,5247,1
9,8065,0
3,2130,1
5,6724,0
6,585,0
7,886,0
6,4456,0
7,2049,0
8,618,0
3,2954,0
5,5092,0
3,5408,0
4,5063,0
4,581,0
3,5791,0
3,9990,1
3,882,1
8,468,0
1,7542,1
1,3306,1
1,4802,1
5,3040,1
3,890,0
7,510,0
7,2471,1
8,131,0
3,843,1
2,7626,1
7,9480,0
5,4078,0
5,3676,0
4,8197,0
3,7915,0
4,9640,1
3,212,0
7,5737,0
6,3846,1
9,8478,1
2,8099,0
9,6835,0
9,2563,0
4,8817,0
6,9364,0
3,4614,1
3,5714,0
1,6132,1
3,340,0
9,2876,0
7,4209,0
6,8352,1
6,7637,0
8,3295,0
3,3347,0
1,84,1
7,486,0
8,8990,0
8,169,0
1,2326,1
2,678,1
1,514,1
3,9068,0
2,7266,1
1,8086,1
9,7523,0
9,4219,0
5,1784,0
5,9978,0
6,6276,1
6,2911,0
9,8795,0
8,3892,0
2,3089,0
6,5612,0
8,9759,0
4,9486,0
9,5241,0
4,8498,0
6,4818,1
6,7352,0
4,601,0
3,58,0
5,2250,1
4,241,0
8,2002,0
6,9907,0
5,4463,0
9,874,0
3,6899,0
2,9506,1
4,6846,0
8,8436,0
5,7760,1
9,2629,0
2,9622,1
8,6535,0
8,8167,0
8,6985,0
1,2333,1
8,507,0
3,9804,1
6,908,0
3,9871,0
9,6845,0
8,8927,0
2,4593,0
7,5165,0
7,8325,0
9,4477,0
7,876,0
2,8591,0
6,6340,0
5,8363,0
5,1285,1
2,6177,0
6,6057,0
7,4540,0
8,9123,0
8,107,0
2,8158,1
6,1137,0
3,1856,0
3,2594,0
9,1193,0
8,3016,1
2,3218,1
3,3349,0
1,1326,1
6,4113,0
4,5297,0
2,4695,0
1,2792,1
1,7740,1
2,3865,0
8,7353,0
5,8088,0
8,3425,0
7,1578,0
6,2881,0
7,4237,0
2,4956,1
9,9011,0
5,4120,1
9,2416,0
5,6152,0
3,9000,1
1,9185,1
9,7074,1
5,5804,0
9,560,0
1,5555,1
7,6368,0
1,7979,1
7,1848,1
3,9494,0
3,285,1
7,4474,0
4,2312,1
1,9938,1
9,4807,0
5,8459,0
8,1592,1
1,2680,1
5,8886,0
7,1451,0
5,7044,0
6,7977,0
4,403,0
5,3130,1
2,9385,0
1,2508,1
8,5214,0
5,8001,0
4,9435,0
7,6464,0
3,8323,0
6,8268,1
5,6238,0
2,6013,0
8,3043,0
6,6863,0
6,5832,1
8,242,0
4,7551,0
7,1976,0
8,6831,0
4,5108,1
5,9994,0
2,3568,1
1,7235,1
9,3621,0
2,842,1
3,5805,1
8,8668,0
5,7258,0
9,9113,0
8,6858,0
4,556,1
5,7513,0
6,4443,0
3,1720,0
5,1076,0
5,1015,1
6,5170,0
6,1299,0
7,8755,0
9,9055,0
8,134,0
8,2824,1
9,9636,0
8,840,1
6,6198,1
6,1355,0
6,5804,0
2,6296,1
3,1556,0
8,2569,0
6,6425,0
5,3414,0
9,5053,0
9,8087,0
3,9459,1
5,5406,0
4,5454,0
6,4957,0
4,8583,0
2,7692,1
1,546,1
9,3646,0
3,6214,0
7,5230,0
2,699,0
3,6644,0
9,5669,0
5,9551,0
2,6326,1
8,9871,0
8,8498,0
8,7297,0
9,8552,0
2,2607,0
3,457,0
4,7996,1
4,3601,0
4,660,1
2,9933,0
6,8224,0
4,6195,0
2,8410,1
8,7544,1
9,867,0
1,7226,1
7,1192,0
9,6473,0
5,3349,0
8,1391,0
9,3518,0
8,3871,0
8,9192,1
9,9646,0
4,8763,0
7,6559,1
4,6242,0
8,7399,0
6,4512,1
2,6014,1
6,4979,0
6,1465,0
9,8977,0
7,2247,1
9,2136,0
4,5955,0
4,8120,1
5,3808,0
4,7032,1
1,9106,1
4,9313,0
8,7679,0
8,7212,0
2,3001,0
5,4058,0
4,6043,0
5,3774,0
3,3438,1
8,1663,0
6,7006,0
6,5986,0
6,1691,0
1,699,1
1,1653,1
7,4649,0
7,3382,0
9,8310,0
1,1379,1
2,229,0
1,7365,1
1,225,1
2,8152,1
3,2877,1
1,4890,1
5,9288,0
3,2579,0
9,9788,0
2,1179,0
6,7849,0
2,8911,0
4,2937,0
8,398,0
7,9317,1
5,6045,1
9,5813,0
2,1425,0
5,938,0
4,5619,0
1,2999,1
3,342,1
1,4304,1
6,1319,0
6,528,1
3,9090,1
8,4297,0
4,4851,0
8,3648,1
5,143,0
3,9409,0
2,6175,0
5,1963,0
2,8437,0
7,130,0
7,2623,0
4,1151,0
7,3484,0
3,6269,0
8,9060,0
3,4630,0
5,6418,0
3,9141,1
1,4060,1
5,396,0
5,7541,0
5,1777,0
2,9736,1
5,7246,0
9,5374,0
2,6015,0
3,6985,0
3,9113,0
5,2929,0
9,8244,1
8,8614,0
1,4312,1
7,2475,0
4,3548,1
6,8635,0
5,2201,0
7,1002,0
5,8253,0
9,403,0
1,4182,1
8,4360,1
2,1793,0
2,9997,0
5,9269,0
1,3631,1
3,1314,1
4,370,0
4,1123,0
4,5253,0
1,276,1
8,7713,0
4,8161,0
9,5586,0
5,2755,1
6,6676,0
2,5514,1
7,7321,0
4,4155,0
2,5657,0
5,7553,0
7,6233,0
6,8593,0
5,5824,0
1,7527,1
8,7887,0
6,527,0
7,4862,0
4,9368,1
6,7813,0
1,8648,1
1,5718,1
1,3683,1
8,3525,0
7,13,0
9,7617,0
3,7836,1
5,4830,1
9,256,0
5,2596,0
4,5751,0
2,4248,1
8,6401,0
1,2787,1
6,6481,0
7,2140,0
5,8799,0
1,2837,1
9,1141,0
7,3560,0
8,1086,0
1,2775,1
8,8088,1
1,2661,1
9,9651,0
9,2551,0
8,3455,0
6,8792,0
3,7383,1
5,3702,0
9,2838,0
8,4309,0
1,7769,1
9,2519,0
2,3773,0
7,902,0
8,9839,0
5,8714,0
3,6747,1
9,3890,0
9,3569,0
2,2881,0
9,6629,0
2,4437,0
4,3036,1
2,9962,1
6,5156,0
2,2499,0
6,2876,0
7,3559,0
1,5022,1
7,140,1
9,6380,0
9,3387,0
3,5457,1
7,5574,0
7,2640,0
8,5365,0
4,7668,1
3,7033,0
3,4772,0
3,7777,0
5,3257,0
1,5763,1
3,8612,0
6,3684,1
6,8464,0
4,4340,1
5,3854,0
4,7510,0
5,3784,0
8,7778,0
5,5741,0
1,5380,1
2,9084,1
1,7082,1
6,9049,0
2,8261,0
9,1918,0
3,5874,1
7,1389,0
1,4654,1
6,2317,0
4,7571,0
2,8873,0
4,3695,0
2,3706,1
5,7762,0
3,572,0
3,7399,0
7,7750,0
5,6763,0
9,3309,0
2,2379,0
2,4374,1
9,8702,0
4,9938,0
9,4472,0
6,6930,1
7,9639,1
2,65,0
5,5024,0
1,2660,1
5,744,0
6,8988,1
5,9306,0
4,3095,0
5,7281,0
7,2306,0
4,2637,0
7,9905,1
4,1536,1
3,5466,1
8,5358,0
6,5824,0
6,6469,0
6,2101,0
9,2686,0
1,9456,1
6,8277,0
5,1603,0
6,8026,0
7,958,0
4,9438,0
2,5565,0
3,4486,0
6,5609,0
9,4264,0
6,7323,0
3,2886,1
7,6791,0
6,7583,0
4,2175,0
2,3721,0
9,8051,0
6,2180,0
4,1752,1
2,7452,1
6,1550,0
9,9794,0
4,7845,0
1,7324,1
3,9742,0
1,6955,1
8,9681,0
7,4173,0
1,7368,1
4,6382,0
6,1550,0
8,244,0
5,8103,0
3,9164,0
7,6634,0
6,5404,0
4,7402,0
1,707,1
5,8009,0
4,5702,0
6,346,0
6,6937,0
8,3401,0
6,3507,0
5,6362,0
2,1671,0
8,5213,0
1,5627,1
9,90,1
1,525,1
3,8143,0
9,385,0
1,8900,1
2,5963,0
1,3843,1
5,6615,1
1,7765,1
5,9701,0
5,409,0
4,8519,0
1,4244,1
1,5157,1
2,9686,1
1,7962,1
9,5868,1
6,3875,0
1,4350,1
9,3114,1
8,7433,0
8,4683,0
4,362,0
7,3641,0
8,9629,0
2,9245,0
5,889,0
5,7278,0
9,7583,0
8,4519,0
4,2212,1
1,576,1
7,6006,1
4,587,0
9,7757,0
5,9210,1
5,8770,1
1,4589,1
1,357,1
8,6043,0
1,4403,1
8,348,0
4,9625,0
8,5723,0
8,7121,0
1,250,1
1,691,1
9,2765,0
4,7056,1
4,4540,1
4,3708,1
3,4492,0
2,3323,0
2,7516,1
6,6006,1
7,5380,0
1,3986,1
8,1980,0
4,921,0
5,8973,0
7,3221,0
2,2283,0
9,5260,0
5,3548,0
6,9194,0
5,4848,0
4,3969,0
1,7362,1
3,8435,0
2,8799,0
6,5404,0
1,1876,1
5,1970,1
7,1518,0
8,6025,0
2,8751,0
8,7025,0
1,3477,1
9,7492,0
9,9540,1
7,3338,0
8,421,0
2,572,1
7,1919,0
6,4930,0
6,1530,1
9,4050,1
9,6319,0
7,2819,0
2,5418,1
3,100,0
7,5927,0
3,8858,0
9,4654,0
1,4556,1
4,2107,0
3,9132,1
4,2436,1
9,3536,0
2,9828,1
9,3480,0
3,5331,1
9,3012,0
3,2961,1
1,7239,1
7,5326,0
3,948,1
6,7065,0
2,3552,1
2,6277,0
2,548,1
5,3932,0
4,6683,0
1,1999,1
7,157,0
7,1074,0
5,547,0
7,7631,0
6,9868,0
7,9429,1
2,5503,0
5,651,0
5,5263,0
9,1749,0
3,6596,0
5,1346,0
5,9936,0
1,9504,1
9,2703,0
3,277,0
8,8673,0
4,1799,0
8,6446,0
8,6501,0
6,7566,1
5,8986,0
1,602,1
6,8910,1
7,249,0
9,7064,0
8,2768,1
1,2511,1
9,216,1
4,2352,1
7,3528,1
8,9524,0
1,1223,1
7,951,0
5,6321,0
2,7794,1
2,3663,0
4,6295,0
7,3713,0
5,2917,0
6,9810,1
4,2990,0
5,6632,0
1,1340,1
9,4364,0
9,8896,0
7,7678,0
5,5038,0
6,6517,0
8,2641,0
1,8427,1
5,4259,0
9,6959,0
5,9087,0
6,9377,0
4,6478,0
1,9727,1
5,6534,0
9,4689,1
9,7527,0
8,408,1
8,4952,1
8,8039,0
4,1672,1
5,1197,0
8,9259,0
2,779,0
5,4835,1
9,3288,0
8,8880,1
3,3129,1
1,2091,1
8,801,0
4,4177,0
5,7397,0
3,3925,0
9,1896,0
3,8115,1
9,11,0
9,5172,0
4,9786,0
3,1698,1
8,7978,0
8,7438,0
1,6027,1
7,6661,0
8,5386,0
7,9806,0
5,7228,0
2,1617,0
2,6194,1
5,214,0
3,1859,0
1,3295,1
9,2994,0
1,2517,1
1,9720,1
9,3280,0
8,9655,0
9,1147,0
2,7297,0
6,2501,0
9,8952,0
2,1216,1
2,3155,0
4,8197,0
1,2340,1
4,9869,0
2,914,1
7,8870,0
4,2883,0
7,720,0
3,344,0
2,7005,0
5,6019,0
2,9402,1
6,7138,0
6,3083,0
1,6256,1
2,7586,1
3,979,0
1,5338,1
9,8662,0
6,4228,0
3,4743,1
5,8613,0
2,4465,0
7,7186,0
7,4228,1
2,5280,1
1,159,1
6,1359,0
5,370,1
2,8618,1
1,4572,1
8,7123,0
9,6788,0
4,3328,1
3,714,1
4,8863,0
7,1982,0
6,9989,0
5,6147,0
8,7082,0
5,727,0
4,8082,0
7,5530,1
2,6587,0
7,2089,0
8,1174,0
7,9069,0
6,5087,0
7,8276,0
7,7233,0
4,3890,0
6,4789,0
1,2395,1
4,3022,0
3,2820,1
4,8800,1
1,4671,1
1,9999,1
8,9972,0
3,2034,1
2,7954,1
4,7379,0
6,387,0
5,9563,0
6,9702,1
9,2701,0
8,8318,0
7,6740,0
4,9283,0
9,5567,0
3,6355,0
1,4892,1
1,5629,1
9,5582,0
2,1433,0
2,6026,1
1,7966,1
4,9713,0
8,7524,0
2,6113,0
8,8650,0
5,6998,0
3,4868,0
6,2535,0
6,9123,0
4,5596,1
2,6896,1
8,3575,0
9,8450,0
5,6866,0
7,7943,0
8,1835,0
8,5365,0
4,4016,1
9,3799,0
2,9404,1
2,9799,0
9,9437,0
8,6324,0
6,7146,1
9,7082,0
9,1656,1
1,2939,1
2,1181,0
5,4351,0
2,8163,0
2,3190,1
9,5467,0
5,3736,0
9,9509,0
1,159,1
1,9928,1
9,9573,0
4,7482,0
2,8822,1
5,5354,0
4,6337,0
1,7719,1
6,9196,0
4,354,0
8,6795,0
4,8665,0
2,5303,0
7,230,0
2,4853,0
6,7368,1
5,1734,0
3,6,1
2,1731,0
9,2458,0
1,2967,1
8,7543,0
6,7975,0
1,1646,1
7,7378,1
6,5431,0
2,3573,0
4,5901,0
2,4124,1
1,2100,1
8,1774,0
6,5336,0
4,3771,0
7,5932,0
6,4424,0
9,3234,0
4,1998,0
2,9498,1
4,5125,0
1,2597,1
7,2002,1
4,9937,0
8,190,0
8,9000,1
9,3359,0
9,7046,0
5,6396,0
3,8385,1
6,5914,0
9,8747,0
8,6872,1
1,475,1
4,8385,0
5,5038,0
8,3961,0
5,9386,0
1,2872,1
3,3275,0
9,4961,0
7,1355,0
6,6640,0
4,7519,0
6,8816,0
6,826,0
1,1309,1
9,3210,0
5,1566,0
7,244,0
5,5502,0
8,3625,0
8,3493,0
6,6192,1
4,3736,1
6,7589,0
6,1999,0
9,2692,0
4,4359,0
3,1593,1
3,2512,0
7,6222,0
5,5050,1
3,5985,1
4,932,1
4,658,0
7,3203,0
8,8955,0
2,3276,1
6,2065,0
7,1831,0
7,2136,0
3,3125,0
8,3208,1
1,4472,1
5,545,1
5,9532,0
5,7386,0
1,2135,1
6,8884,0
5,8041,0
1,6835,1
6,1359,0
1,6544,1
5,2028,0
3,2819,0
7,8523,0
3,7094,0
1,3030,1
8,3974,0
2,7890,1
4,7876,1
6,6637,0
1,3925,1
5,9838,0
5,3036,0
1,2656,1
1,6233,1
7,3852,0
1,1397,1
8,1350,0
7,6536,0
1,5062,1
6,7486,0
2,1898,1
2,6554,1
6,8174,0
1,2605,1
5,4740,1
3,2642,0
9,6445,0
1,7180,1
5,5433,0
6,4135,0
9,4130,0
7,479,0
7,5090,0
1,5716,1
1,6767,1
4,3432,1
9,9719,0
5,2491,0
5,4895,1
3,8812,0
4,7467,0
2,3656,1
6,2290,0
7,3572,0
5,6008,0
2,7106,1
4,3785,0
7,4968,0
1,3072,1
8,1109,0
3,6315,1
8,6528,1
7,6336,0
6,3183,0
1,6807,1
7,9348,0
3,9497,0
7,9883,0
2,4966,1
3,5601,1
9,8361,1
3,263,0
7,8916,0
5,6437,0
7,1830,0
5,9803,0
9,4263,0
4,3643,0
4,2025,0
7,1600,0
3,9568,0
3,722,0
4,4546,0
2,6928,1
7,4418,0
5,9361,0
6,2391,0
8,4650,0
9,7413,0
8,5802,0
4,9279,0
5,4012,0
3,8648,0
8,5209,0
3,4933,0
8,3217,0
9,4535,0
5,1509,0
4,606,0
6,6977,0
2,793,0
6,2374,0
2,4629,0
8,1758,0
9,4873,0
3,8220,1
1,2109,1
6,8525,0
5,6997,0
6,996,1
2,3208,1
8,3785,0
7,7254,0
5,4808,0
6,45,0
4,4208,1
1,8535,1
9,2801,0
4,2478,0
1,8539,1
3,2562,1
2,9364,1
6,4906,0
9,3878,0
3,7298,0
3,7907,0
4,9593,0
5,5532,0
3,9049,0
6,3691,0
5,1930,1
9,7344,1
3,1117,0
1,7134,1
2,4874,1
9,1804,0
1,4882,1
2,9981,0
8,1015,0
9,8462,0
3,7865,0
8,2302,0
2,8636,1
2,2413,0
9,3278,0
6,9396,1
1,4995,1
8,6287,0
3,7064,0
5,7960,1
1,7561,1
2,5550,1
9,2781,1
5,8873,0
8,8839,0
6,3568,0
1,2206,1
8,7946,0
7,9622,0
6,6624,1
4,1780,1
3,3321,1
9,5289,0
6,1774,0
2,5515,0
2,8605,0
7,1128,0
8,8695,0
2,6740,1
4,4928,1
4,7043,0
4,9489,0
2,2164,1
3,7740,1
9,3458,0
9,6470,0
8,1541,0
7,7476,1
9,8484,0
3,2413,0
5,3421,0
1,3711,1
5,9492,0
9,7795,0
7,4480,1
7,7642,0
8,5265,0
3,8783,0
2,6213,0
4,3869,0
3,5619,1
5,3055,1
9,4155,0
6,6021,0
5,7879,0
3,4765,0
2,1169,0
3,3050,0
2,6583,0
6,9081,0
2,3036,1
9,1329,0
8,1076,0
4,3862,0
5,3485,1
5,6094,0
9,4241,0
4,7135,0
1,8733,1
3,6584,0
6,8616,1
1,9343,1
8,717,0
1,9192,1
8,5222,0
2,7554,1
6,5168,0
7,1792,1
7,6772,0
9,7324,0
5,7751,0
4,662,0
2,3327,0
7,2190,0
5,4037,0
5,5645,1
3,1583,0
4,4478,0
7,6483,0
9,3412,0
5,4589,0
5,3688,0
5,9710,1
3,591,1
3,1970,0
1,6038,1
4,3934,0
2,1551,0
9,9273,0
1,1389,1
4,5751,0
1,9684,1
1,6216,1
3,118,0
9,3161,0
5,2295,1
9,5700,0
1,1578,1
6,8015,0
6,9446,0
2,8127,0
1,4659,1
8,984,1
9,2026,0
6,3400,0
1,2542,1
1,1980,1
5,5276,0
3,4680,1
6,1005,0
2,3240,1
1,7577,1
2,9484,1
3,4008,1
2,4198,1
6,4212,1
2,6063,0
6,5566,0
8,9199,0
8,5608,1
7,8989,0
4,8976,1
9,4730,0
2,4309,0
5,272,0
4,1533,0
2,9926,1
8,6274,0
4,7495,0
3,13,0
7,6702,0
5,8902,0
9,1087,0
5,1661,0
5,8544,0
2,6096,1
4,3022,0
7,4476,0
9,124,0
1,5365,1
2,3175,0
2,1284,1
8,7885,0
2,1556,1
6,4191,0
7,6243,0
4,360,1
5,4105,1
6,4001,0
6,7294,0
3,9811,0
5,95,1
6,5289,0
6,4002,1
8,77,0
3,9406,0
6,9634,0
2,1348,1
6,208,0
7,3471,0
9,3679,0
7,8286,0
2,2967,0
4,2319,0
9,6421,0
1,740,1
2,2781,0
7,832,0
4,4707,0
1,7219,1
5,1303,0
7,3865,0
3,8478,1
3,4142,0
4,8978,0
1,5701,1
6,6894,1
8,4715,0
8,8724,0
2,7628,1
3,4813,0
2,4070,1
9,5940,1
9,8957,0
9,4976,0
6,6210,1
1,8047,1
9,3942,1
6,1279,0
8,8978,0
6,267,0
5,7972,0
6,3702,1
1,6158,1
4,9135,0
9,4936,0
9,8694,1
6,5792,0
3,8546,0
4,1806,0
5,8032,0
2,8674,1
5,1108,0
9,1881,1
6,9943,0
4,7604,1
9,7263,1
7,1936,0
6,2527,0
9,6877,0
8,9651,0
6,848,0
5,1111,0
7,7697,0
7,6640,0
2,6124,1
9,1790,0
3,1491,1
8,7875,0
4,6024,1
5,9329,0
4,680,1
9,1065,0
9,6285,0
3,3991,0
4,1151,0
7,526,0
7,5442,0
8,7362,0
3,2165,0
1,3457,1
4,8446,0
7,5686,0
3,2244,1
5,3492,0
8,3819,0
6,5630,0
2,8179,0
4,2229,0
4,7630,0
5,9544,0
9,6849,1
6,1016,0
2,9120,1
4,3843,0
7,2959,0
2,7091,0
3,2568,1
8,4896,1
3,7840,0
8,9586,0
9,8537,0
7,7025,0
1,6728,1
9,5152,0
6,9506,0
8,4242,0
4,8078,0
4,7849,0
3,6144,1
1,7516,1
4,7041,0
4,9769,0
2,4139,0
3,553,0
3,9724,0
2,6590,1
1,8663,1
5,5847,0
5,802,0
7,3890,0
8,1197,0
5,6170,1
3,9804,1
9,3601,0
7,2207,0
5,3708,0
9,5947,0
4,3968,1
9,2674,0
1,4995,1
6,9570,1
1,8294,1
4,2053,0
6,1652,0
7,1632,0
7,1672,0
4,9001,0
5,477,0
1,4421,1
9,6926,0
9,797,0
2,4715,0
7,8783,0
5,6444,0
1,5046,1
1,220,1
4,70,0
3,7698,1
3,905,0
9,4169,0
3,7120,0
8,4306,0
4,2798,0
9,5169,0
7,3996,0
5,6421,0
3,7382,0
4,6697,0
1,5914,1
2,5773,0
4,4331,0
3,7369,0
4,8135,0
9,9489,0
6,2410,0
9,680,0
7,8800,0
3,9787,0
8,9178,0
6,1900,0
3,8530,0
2,6051,0
1,2729,1
3,7704,1
8,8354,0
1,4001,1
3,9610,0
3,9676,0
5,3777,0
9,135,1
9,6068,0
4,1684,1
8,4954,0
9,6847,0
1,3694,1
7,1429,0
7,6850,0
5,2430,1
3,2260,0
6,6471,0
1,9813,1
7,2734,0
2,3627,0
3,6540,1
3,8134,0
8,4798,0
6,5306,0
7,7011,0
2,9584,1
3,512,0
6,1578,1
9,5124,0
4,7536,1
7,5671,0
5,7666,0
9,4080,0
8,1532,0
3,3057,1
7,9442,0
6,9933,0
2,8876,1
6,6445,0
2,1436,1
1,1385,1
8,6093,0
2,3690,1
8,6217,0
1,5455,1
6,8995,0
5,2957,0
6,6989,0
1,8741,1
9,7642,0
7,7655,0
4,261,0
8,4050,0
2,3184,1
6,4327,0
8,7676,0
2,4727,0
6,3292,0
6,9165,0
9,7238,0
2,26,1
7,9794,0
7,8923,0
7,1042,0
8,6881,0
6,118,0
4,957,0
7,547,0
8,1675,0
6,4052,0
8,4644,0
4,5673,0
4,9392,1
8,7491,0
6,3861,0
8,5774,0
8,9615,0
1,6492,1
9,8272,0
7,4026,0
3,1077,1
2,3746,1
3,2256,1
2,7409,0
3,5423,0
1,3450,1
1,3480,1
7,1714,0
3,1984,0
7,2445,0
4,6850,0
5,3857,0
8,6322,0
1,7132,1
8,6395,0
5,7344,0
5,9510,1
5,7080,1
4,5730,0
1,2530,1
3,1686,1
7,9091,0
4,671,0
4,9386,0
7,6227,0
6,8573,0
7,2002,1
7,884,0
8,2420,0
2,7805,0
8,1551,0
8,9354,0
4,2060,1
5,243,0
7,1989,0
8,4810,0
7,5720,0
7,3741,0
2,3602,1
4,9459,0
6,2219,0
1,3742,1
8,1095,0
2,8756,1
3,5591,0
5,5453,0
3,5520,1
3,5742,1
9,443,0
6,5686,0
1,5195,1
4,9644,1
4,2099,0
1,1655,1
1,3733,1
7,1711,0
5,4157,0
1,765,1
4,7154,0
1,8704,1
4,5065,0
3,8722,0
1,9107,1
1,3454,1
8,5037,0
5,9332,0
1,1442,1
8,2430,0
3,9903,1
5,1644,0
7,2256,0
1,6769,1
1,2523,1
7,6952,0
8,2295,0
6,4254,1
2,126,1
5,3865,1
5,4474,0
1,4025,1
4,3018,0
9,8336,0
5,9711,0
7,1104,0
3,7844,0
2,6953,0
6,3812,0
9,312,0
6,9512,0
5,932,0
6,3873,0
6,7486,0
9,4278,0
9,7506,1
6,9687,0
1,8559,1
7,7244,0
3,6659,0
1,4684,1
6,7501,0
1,6417,1
6,931,0
2,6754,1
6,1181,0
1,9136,1
7,5055,0
3,6245,0
6,5018,0
6,6881,0
6,6577,0
3,8960,0
9,7147,0
6,4713,0
9,3396,0
4,9088,1
3,549,1
5,5699,0
4,1806,0
3,6295,0
8,3661,0
6,6599,0
5,7672,0
6,641,0
9,7612,0
5,3873,0
8,4258,0
4,8867,0
2,8168,1
8,6391,0
3,5104,0
6,2848,0
5,9537,0
4,2094,0
6,2545,0
7,7683,0
4,7884,1
5,4347,0
6,6072,1
3,3924,1
8,5506,0
4,7093,0
1,1261,1
6,4311,0
7,8637,0
1,5805,1
5,1386,0
8,4590,0
6,1021,0
9,5025,0
2,726,1
2,7444,1
6,1913,0
3,2185,0
3,1157,0
2,9396,1
5,9456,0
2,3837,0
5,5660,1
8,1511,0
5,1234,0
7,8198,0
2,5902,1
7,6905,0
8,8052,0
6,241,0
6,7669,0
1,5298,1
5,2676,0
9,2554,0
9,9607,0
3,992,0
1,7075,1
1,3905,1
9,626,0
2,2686,1
1,9803,1
3,4985,0
2,8916,1
7,5216,0
8,1447,0
5,9221,0
5,31,0
6,8658,1
7,927,0
3,4688,0
6,2384,0
3,7703,0
1,7814,1
6,6092,0
2,4304,1
1,6418,1
2,7946,1
4,3671,0
1,7088,1
4,8322,0
4,3881,0
8,4107,0
3,5058,1
9,4901,0
6,3315,0
7,7368,0
8,5855,0
1,806,1
9,886,0
3,6121,0
1,4374,1
2,501,0
8,6817,0
1,2859,1
8,8260,0
7,823,0
2,361,0
9,5273,0
6,2864,0
7,7297,0
5,3955,1
8,3706,0
9,3827,0
2,6639,0
8,4318,0
5,1339,0
3,1664,0
4,4825,0
8,6621,0
5,3978,0
3,654,1
7,6237,1
5,8866,0
2,3472,1
4,803,0
1,3148,1
1,3550,1
8,3494,0
1,218,1
2,328,1
8,1155,0
9,2085,0
3,8845,0
7,2158,0
7,9813,0
4,1769,0
3,6458,0
4,1200,1
4,6203,0
6,676,0
9,6290,0
1,1320,1
4,7552,1
6,9775,0
6,2172,1
3,7436,0
7,5574,0
1,9300,1
5,4479,0
8,4493,0
9,4940,0
3,9975,1
5,7929,0
1,4645,1
5,3063,0
9,6627,0
2,6079,0
6,6330,1
4,8568,1
8,3303,0
8,256,1
6,5337,0
2,2645,0
5,3981,0
4,3193,0
8,9863,0
6,39,0
9,2578,0
8,3745,0
1,3113,1
3,9962,0
3,2454,1
1,7558,1
2,7708,1
9,1981,0
6,5896,0
1,7249,1
2,6155,0
9,2283,0
2,7322,1
6,8537,0
3,247,0
8,8309,0
2,458,1
5,2633,0
2,2950,1
5,1400,1
5,9368,0
8,5680,1
5,3386,0
8,2698,0
7,6355,0
5,1673,0
7,473,0
5,5197,0
6,9909,0
5,1926,0
1,9588,1
1,2545,1
5,2161,0
2,7524,1
6,5275,0
7,1845,0
9,7731,1
4,6813,0
3,4279,0
3,554,0
4,395,0
9,3551,0
5,4428,0
7,6353,0
3,8805,1
5,1304,0
